394681
936921
315960
681907
809736
362833
547539
705799
571125
696360
630209
132156
455723
326377
374203
112455
894464
593471
410850
667260
501187
528125
176036
378200
657821
839643
326814
189676
741860
115084
236879
296140
976962
398373
796464
448451
436362
316793
464770
592318
974168
835391
414424
605275
183991
117584
381061
317740
700844
384411
801107
821675
311142
165376
241466
876232
259923
979157
343882
398224
266665
103421
865219
867032
507897
503631
822490
200267
112674
858790
648907
492356
600488
378783
434167
391856
778572
591023
246373
982339
484572
187218
226654
540241
503469
841417
319926
532552
484336
764626
898196
418814
991155
118245
254542
952061
181943
973391
246994
185304
814039
231882
807839
807810
229806
637096
819342
959188
844495
821917
578627
898099
680140
502838
105681
308807
812302
114294
365237
436707
997769
849218
195298
110248
969664
773164
994571
578427
591821
725135
772087
870923
709392
149315
734710
445456
476528
598795
642816
251742
550227
363875
582476
444377
976663
428380
207922
397896
615511
801323
464290
784267
403117
811406
626720
695234
227338
201924
865145
144544
618113
169697
416627
460623
555074
870318
248276
536847
803875
466435
385225
515423
250934
122526
996837
470578
611126
133738
337845
652631
412601
683503
944594
527538
290880
815681
793096
821453
169580
904112
151310
139622
594934
605781
247720
580315
812925
761013
911927
364665
782753
431048
490297
298243
511481
713677
207132
726755
662788
632918
351120
412562
744820
819930
576375
126802
394644
475312
600772
415584
744141
800077
977853
790145
741257
318551
682694
457910
590638
979309
935018
889188
899076
357785
583580
503319
318782
204965
595613
462135
826503
846581
885115
938493
314341
684644
561676
517177
548017
491059
607483
252849
965734
506714
251830
880016
953634
477181
372000
979757
345785
431586
191903
630719
373984
107843
583166
541607
119192
800816
467176
852333
398068
503378
279614
788171
679385
525083
290689
174197
446559
970547
554137
503962
878027
253210
526328
528610
593592
700714
124716
909595
350013
979709
206505
714854
319562
966065
553562
992378
271829
100226
303112
171459
311581
744534
327349
699278
964420
631933
218828
934361
268811
920212
146867
136157
854808
692742
527593
552888
722337
178037
837838
762016
723381
625973
792095
596159
357547
506998
818945
441562
111519
278582
686481
174090
132921
442516
693927
247817
345031
195837
492029
799773
601336
251436
191494
894002
996363
611844
559530
584540
199290
561258
112107
987765
377303
652731
457713
624036
313138
467461
463384
344325
873588
165131
526081
585356
176343
890569
746989
503288
123973
491576
180989
856390
634632
891906
527784
437043
660535
653566
973108
618173
590705
781759
344754
141960
813027
421239
287746
166104
129334
428887
178159
314363
224274
683854
791745
934915
813869
733162
658353
103472
278297
687512
389713
603540
971196
900098
904044
162834
741562
778739
722222
995284
373791
721665
341011
769715
218745
301128
188197
288324
579167
400231
172273
301423
953249
263333
216989
643203
861718
173262
147850
512153
959170
892588
353402
246734
636310
740988
854753
267221
762749
342793
147726
374410
228975
203282
242385
332965
938109
379718
168004
867019
797788
639014
830841
567121
101967
475140
689131
490790
772038
822908
375359
985008
845811
233189
473345
902806
304036
561926
303998
444921
780255
905100
443123
938736
919336
258628
966543
621717
918216
639003
718960
877448
832504
494191
693446
363770
610344
765675
159620
164308
843091
424680
686721
160541
365334
600406
528082
431578
801628
294420
583566
586598
116354
580184
894696
460577
962417
443892
536229
413558
568482
128490
590507
410475
894838
840236
901921
629353
445699
128827
292894
736351
558728
311602
655717
195204
817275
778685
496554
851326
273920
463620
140892
937006
161539
719640
393921
690177
140252
319192
978840
975819
656158
108822
829839
375069
815062
902364
422866
387491
609791
335745
634416
513721
995040
222729
952919
532770
763622
769495
448270
277287
946466
707063
504962
319002
318413
625860
424531
583889
801729
508966
427786
875548
857342
914224
447895
119666
398977
933553
826896
935859
155906
833741
634264
970842
915149
876999
702671
394237
430536
295047
774689
998905
787586
663639
377502
255147
211717
333560
383279
808960
935256
510716
486520
344831
836775
932223
284963
200666
186676
148725
929520
641428
966048
463644
102461
139783
960034
749653
600394
644031
697322
915567
865879
225391
833896
757431
290782
133060
462588
680087
362420
700987
876697
282128
437496
521045
437751
232144
441939
307131
604345
952732
246834
613652
930943
732465
251411
285991
782540
986026
199813
844670
451766
801159
857890
279126
344915
559680
526450
149547
270512
170426
580945
832444
724563
470448
399702
687159
850886
629866
843113
539883
761805
317953
650043
283421
292226
611120
667882
907926
397201
710163
778836
773178
440047
328921
184042
599062
126470
123613
989282
771139
349387
685042
413753
741993
143287
750177
654362
935582
479315
783881
248984
727907
529769
321055
475011
538760
973261
695944
911071
247941
699540
243313
303584
538665
750118
467644
400647
291083
163721
464704
517872
204154
832943
438300
656264
499371
848188
967412
756679
508384
585300
752735
143155
967456
635884
764379
744267
684949
190047
814301
310746
941712
433274
678495
131091
435079
509724
281935
415401
498771
756320
558999
631355
962854
757884
875667
839905
413710
936391
228958
908322
104037
587471
132520
618209
980618
384067
611019
521754
399181
252362
794741
373745
696123
202424
574589
525873
355595
383978
326461
548183
445081
368818
486879
804421
726808
423170
175488
908569
133758
222263
977938
788102
645994
523932
746499
606090
750511
948420
683550
158488
807373
293221
566076
350708
354878
977565
848882
562482
998262
319874
284953
547332
563611
267698
741145
923046
308979
237147
342566
663598
956531
150467
856850
727267
632212
988626
373198
798388
263931
532595
232633
658537
190958
298181
395981
168036
177721
997186
813776
443749
521578
992170
115017
512845
197982
651650
101473
300965
955378
801651
649157
572378
913666
432419
423616
176583
415093
221427
852613
288174
308478
466970
197626
146724
623309
291221
110984
747491
142751
625180
730465
794266
181895
592974
242752
722556
185289
426538
703198
685492
630247
419574
333103
706996
417385
768049
579539
921130
153602
359788
290375
862901
407376
667269
368996
503289
477430
502512
952022
675131
491398
879461
392557
845867
160437
154832
326970
590565
873391
509772
726532
920504
850679
664069
205825
759228
521931
372196
292041
622351
693686
847163
265716
786069
915349
892576
667154
749862
233313
109367
998529
426560
118963
314830
541018
498823
885004
487962
465151
470792
684102
659049
769534
386617
985680
709192
879517
878803
164251
255265
641783
134086
709726
315597
149522
779543
793541
979619
889313
733548
153206
852099
828486
818731
585993
769498
211528
449456
960188
421022
766409
976924
554924
294130
547833
357587
849558
370020
730091
261999
777723
459666
178836
191261
973410
174493
539115
275691
484071
352178
536094
540605
702165
678280
395223
823128
364836
401331
888099
122583
535868
231087
700831
877926
242556
783026
574641
481837
669971
569465
477210
479078
653415
655489
235806
546888
104014
850116
600920
937491
786334
275509
780765
410978
130012
235004
261871
711174
879373
286538
226010
243944
240426
223057
259352
533571
811358
280981
865769
437471
549945
886761
778452
864209
864704
478787
239336
182896
162664
613568
601072
930985
417800
253956
426763
425367
489208
860845
865322
996810
533991
493898
898750
506217
269595
968781
424804
149826
660342
829859
728707
191297
405743
157549
384790
860591
222477
195912
889620
470060
767289
845052
548541
982598
764322
912815
936549
592634
940692
505215
852962
810192
586858
857669
592511
866454
509654
387105
946875
349143
721548
467367
319527
420312
340627
492408
712824
488095
634127
243013
491242
754149
559869
197620
898809
195875
745234
899521
459050
199515
456888
933906
432332
822458
211337
737712
823853
289387
763822
551035
175287
106842
984177
604584
808039
471632
659757
405963
551557
184666
272893
129820
107088
898854
460772
870864
538682
386782
128080
181596
216539
681217
960536
256898
272144
842937
395160
425637
627306
421256
709181
369706
673468
446067
102763
322963
767640
141586
973086
213616
647721
725521
111545
758716
746743
787776
953923
668777
393328
889152
794387
508181
264788
196551
102089
540870
783103
386675
658675
778323
651642
572559
298155
709912
364778
610350
900164
533769
995162
349685
181261
554664
218259
889911
695508
171938
396966
781672
357735
152370
380177
533006
251741
418701
959832
918242
991860
962398
387800
152414
226474
181581
688384
177213
571795
341827
632234
579141
137352
256784
459563
624388
837246
234553
348216
246012
276581
987458
987606
214482
875440
784108
827995
975249
661753
160830
570239
907665
673599
543793
149843
757944
223654
246814
113331
128055
775675
734761
578772
521499
254878
269112
493732
288003
759578
187363
943459
531741
943042
812366
763094
284525
380789
990394
283988
901018
198190
174162
907795
680980
957838
987026
643799
890644
402611
509550
304984
542945
311873
475340
113748
276676
884818
194806
418712
378349
382508
299126
109609
275677
539328
392674
203247
260033
932429
329296
186307
609894
824500
657103
584726
307650
582943
540719
112684
281965
821078
758288
818466
235596
246366
363025
249524
647366
384401
773409
464703
227217
739702
227257
611468
240659
497305
252652
780995
449903
433954
644828
247920
641598
189599
111657
629980
777549
455282
383620
488202
262304
663507
745716
568023
301182
626780
257375
506103
810120
183242
961225
506837
594338
757082
782618
840045
623702
932502
439703
224603
375928
736104
458817
744025
309560
165406
433662
953012
940807
117719
854889
127293
180365
689614
709728
660976
466648
344951
412993
105795
776137
510672
809670
290587
849137
971018
384306
307747
144013
761048
894095
458742
915157
637158
938752
492178
805601
256191
344590
508817
917176
897837
381304
637986
511868
147498
757715
931911
101332
235658
763925
179829
638913
137964
896927
344569
782344
708334
453960
468098
794093
294678
226702
134283
770817
659663
760093
497018
291293
859484
557395
740030
648824
745876
149388
109865
778529
365107
980556
377790
994129
230660
263087
819379
619622
663508
579322
798836
898091
672697
103049
609036
823020
493522
561181
829795
431934
428055
216935
776522
126359
232995
799694
599186
312160
793409
836699
472287
841877
557443
832778
275326
894449
800468
106644
838807
632449
244451
238685
161519
379553
374639
438214
516258
170181
893623
511169
703782
551625
563260
780178
964121
174500
354272
468641
654958
997551
443206
432811
319757
245717
464701
421033
923312
581555
807495
928043
676343
569339
497936
895812
348610
795806
250819
322716
517768
900346
203840
504335
117971
948010
707663
434129
240487
634728
441927
176296
369626
492476
214078
740693
679684
628489
636185
674037
147142
463804
438152
250830
205570
976851
936465
892786
503215
827370
974467
836090
120802
884488
803099
721372
700614
368112
469586
149413
741279
465300
134600
693459
524614
830786
734666
915299
684044
338151
596816
827958
413827
302058
270638
445087
110124
785117
462370
722575
351718
121342
919220
411253
860366
887600
919681
485591
232992
126721
388348
329231
314472
500283
431677
257572
957283
851926
929898
538197
126315
830317
730392
871663
825145
462097
344666
267662
769503
803368
440583
969780
229805
612853
897535
539586
505895
853452
997974
250189
888517
465037
233851
778030
996937
637876
307516
227446
266417
167415
496431
442471
487223
159697
229303
270740
453994
819744
811813
285283
779720
699122
813542
344345
632753
125298
312028
936247
568661
241298
997560
222811
727707
473857
612086
351125
878535
309214
883665
445757
152973
740951
799289
192890
668728
178668
125377
418069
316442
111217
511984
696158
482577
835103
240175
597614
641254
167532
180228
283179
758203
824321
499159
519505
929254
535516
389058
223754
484599
785448
734640
527992
157611
774400
171496
959955
335808
788171
533025
153670
723554
187486
650837
487397
881863
705615
125881
137980
727418
812833
727804
557318
968498
792875
454785
844858
884770
525158
729214
995119
651847
509930
627592
139979
703218
962206
512899
104286
631885
909078
179647
661253
578927
327041
205328
793949
945746
881788
727181
767609
387523
396770
903023
179230
739892
231010
692523
691583
786157
634900
498711
894899
778794
445191
431962
675820
865095
410620
127770
545711
285101
740681
744177
123526
851053
345977
342244
734620
649895
347867
350784
843593
424734
166397
890084
909870
953707
430232
798882
621108
314519
577572
479261
331560
596347
239613
476896
607647
992621
672093
220391
998974
609844
254299
387857
289442
814110
898049
563396
528112
891380
632749
583822
809740
610460
502332
628332
546442
448943
451371
641329
374431
854819
186121
724997
448325
823028
967462
311728
457838
773805
761661
431554
636907
285091
430031
688884
563581
681543
542690
678783
351757
207734
402462
282752
651777
697906
854399
957963
313854
171369
636666
826733
215959
149992
321213
518664
136659
960313
126561
473700
111860
353145
489048
264209
167234
128330
251050
521337
715236
364852
395061
267733
450528
856985
145002
927355
645902
294165
643285
634289
286201
870874
149526
799867
258372
108304
113319
516622
205337
252746
925935
959907
166903
154336
399471
327745
854066
772745
234159
925694
346944
247504
371320
458422
301802
342686
300534
845172
514215
923295
482802
907223
746727
999120
518016
781311
450605
664060
441268
804461
576926
154507
402318
552182
609497
809959
545312
194689
340227
982217
826264
627981
476352
939787
191351
905565
178839
343521
736321
987409
616109
410653
988546
284513
450376
814228
429859
683947
596214
505034
101440
832426
109885
361902
708584
282367
936972
253572
381127
652964
406373
934069
425025
258081
530473
433316
608302
689290
554786
182405
866350
936811
584605
746267
592190
995613
228749
536495
299761
432911
339331
296015
496806
763151
651264
264572
626816
133587
419048
562600
571059
187208
286731
345858
361482
106735
590175
981827
636941
711450
236024
547398
766721
633474
748071
941522
302925
805913
865381
788410
269248
684243
325426
705718
117610
439269
316131
949629
149384
923530
403787
491503
495439
392949
900292
402535
823054
954730
188306
981839
128079
851595
780370
370451
214711
310453
708992
444362
830676
759317
690482
553909
918578
398160
299490
550102
124060
370893
991336
457451
863368
117366
276678
582272
667851
606561
655072
903839
114850
951222
180407
520630
814435
817848
114186
990360
141343
733234
679809
245835
672945
673700
259630
166344
217598
699708
386900
283908
911753
915917
688955
276825
148373
445496
750153
304207
706674
687601
342052
647806
100106
920029
400378
786224
832612
604714
985442
259789
442446
505970
684637
614237
522313
365518
912116
634639
857544
224168
614783
841600
752698
299587
702415
697740
132299
815413
611978
357900
267718
670727
243238
555387
659316
579752
704975
956150
859159
926476
527688
408167
775498
895164
376012
299086
783226
430515
759632
258781
385785
577861
875170
458179
384921
294425
901213
567398
509072
472761
480190
610548
193051
820573
641921
853292
562455
692295
155149
877267
664091
773090
363977
994773
933711
770526
742474
216494
352066
117944
152762
852758
797707
266210
971505
323818
408292
635921
727302
795518
671779
183550
615338
659952
978156
193613
704521
156564
786916
463615
299589
255135
274821
317030
319218
525938
960238
798348
978461
767805
331991
199547
866020
851247
149250
526993
564891
921236
910351
492719
629204
532148
698107
538970
477731
236701
917707
709541
478577
631139
245722
828119
621512
803646
995409
613689
336804
809656
987936
356402
326522
775368
454102
601517
680628
194860
607410
823768
742737
495182
372562
151183
185977
814906
872109
396937
561936
450795
732664
350996
111452
453418
805496
969825
318029
827293
187773
144597
367530
203512
173071
792441
724537
882715
736118
517142
391599
321549
524027
173359
392132
364533
684685
918652
134815
206710
454474
125040
459621
905308
841185
906931
955853
238083
538652
323936
190189
178136
589061
327588
603304
619387
665077
598212
808415
851862
696292
447195
943198
456574
344077
909021
365679
420039
816900
300382
649007
662326
980362
460041
469553
361456
142166
417245
621562
567447
869597
257312
637815
393518
121543
313596
565107
852693
686287
565691
831936
744115
891760
189345
613687
110906
484525
971426
573070
539345
454090
551025
965673
792886
230845
323286
627625
958129
750504
537210
684884
461655
725661
806187
910304
995150
199209
359574
778718
516231
487192
194316
156359
414427
404884
980149
532025
617739
142517
603310
129865
562569
279021
573277
319304
148098
248031
390818
986964
665542
920565
793864
675658
100785
803565
234033
135091
864065
654279
788346
329473
547604
739682
955496
950751
343870
713000
886039
129194
123870
717906
866006
987868
801054
804064
886965
165078
662168
353903
425946
358957
936864
245055
479797
940773
397143
183396
929959
963328
794009
205026
163603
749346
992027
361743
293903
846083
282077
818892
498990
350468
120144
727335
740327
258376
444866
456900
963558
822286
828207
229829
378611
810052
638824
243299
822886
930362
298206
709569
528847
776559
502241
788018
247181
833216
573656
778219
680902
602754
728312
388226
185778
420520
670051
977317
233172
569541
495234
159955
646881
677362
228721
150575
548441
735782
297722
733147
757331
849505
174783
831390
499909
898302
789805
176709
294316
871429
599365
329021
842545
201212
504873
416750
158550
196554
415968
619960
930150
238214
467560
981663
949408
982160
275807
417746
896472
525182
750834
310518
506032
360128
619702
680935
888954
580776
775232
754876
759903
142197
817843
898573
528221
636037
764818
926898
310882
902373
711019
515637
905084
818768
981006
851548
680883
112535
358682
337697
333244
869711
150400
317375
592829
951942
986123
997247
660470
770581
559872
740918
909434
910844
650214
232092
416946
648071
431628
772966
858983
517129
782534
272162
447901
220591
309571
430531
830181
128486
604002
864385
805054
214007
538000
202253
679269
158264
332554
165618
287815
279115
774999
969160
553630
224674
706862
638075
368881
603426
999742
163162
949440
398917
669135
369219
190928
725789
293811
898613
950792
382111
210904
403263
729314
639866
372039
999698
651976
175673
376039
750971
223497
870151
352058
540232
812610
989571
902001
194517
489847
152810
876083
248272
228248
504038
296769
791184
592348
777275
526341
244798
865131
296627
144888
847800
202058
852720
437391
449254
753804
421067
295844
621982
426857
777816
310203
496336
553558
695072
921704
339371
970936
550313
246317
468863
563619
789958
533439
508718
224340
784082
527198
790806
374330
555460
710058
201907
859749
320381
838280
519440
848280
185208
132901
296649
456545
720820
391956
191372
202116
378901
392598
326142
548539
862167
978282
548465
943988
493259
733302
949733
869381
914495
219700
202524
714369
605916
154249
633990
865827
439102
358341
149974
171437
771904
750986
252200
733323
974019
678143
561328
562959
768959
146713
818111
298288
472889
870239
870057
851511
591697
690215
761388
505291
317345
683861
562962
592201
687356
993738
912455
822699
161404
291196
394468
359375
229936
497082
861065
279116
507297
340148
162485
888052
576877
942899
361793
340667
696181
331831
854715
302140
929798
230080
764511
178698
208115
396177
565637
966398
728355
835379
211273
521894
959230
776196
202610
872706
343679
407235
964203
570540
985258
168704
412617
608768
941204
371829
154509
262155
568878
899691
571058
797858
143433
170513
432834
210255
790855
688028
446048
984735
980140
270581
632366
960708
203993
319431
590556
198287
463112
721799
883590
569802
719669
843990
269033
864304
677293
307611
458778
616031
893991
579104
114227
492837
326714
420926
465433
184947
933833
396530
848817
879477
661098
680691
854746
173649
942019
433205
656892
902015
185646
583720
434541
530528
376116
829170
854068
998201
690716
891201
610397
269833
414214
690167
646476
114509
702251
605475
689105
280441
658606
438046
250221
178917
369501
899542
391389
311836
226788
541288
528582
945551
237627
445470
596800
544053
992091
842361
632338
828039
774363
249996
173339
822589
305954
193799
118295
984719
919393
703406
423200
681307
534343
291865
936091
291206
439627
282877
414772
147823
661841
552997
203530
171296
232438
261536
211411
223449
299473
726799
427497
780503
978354
604221
201609
974696
121744
841216
642560
378006
136978
805524
724778
367692
763816
276401
450331
768019
599459
207155
658784
719742
919195
245994
372220
789083
602100
224044
460752
165300
557529
582169
229649
271669
226796
532893
132672
808118
749169
719397
968572
444418
885521
271666
810105
207163
592153
770570
123038
665457
897069
222513
252060
936209
846435
428631
683188
352677
237290
678260
657263
237369
143886
662142
792724
867930
672378
835622
155231
603046
301138
305606
285516
762372
539627
545440
713701
487874
728558
441312
527122
912533
696853
279467
203722
769431
695934
128919
826984
538071
694092
876580
870464
736759
850941
923891
957920
641208
945312
658292
123749
341945
155977
638163
280500
966666
126667
622119
267498
592939
481519
642513
286469
922059
307916
207620
786733
645081
422984
810459
536225
411856
798072
765548
551618
401127
670307
717227
567221
612096
193620
515873
735361
710708
237932
828402
653845
225774
415671
251932
347049
807117
575466
827497
458395
102988
211158
723559
113796
910440
333741
816714
190463
836652
993814
842310
781207
884313
388076
756838
113979
315760
246026
972158
981443
359311
209094
982848
876180
194132
969736
539021
585566
427152
148241
309674
449062
770074
510497
147402
446668
887290
879199
700231
641153
759391
679218
689510
115619
548338
571021
461496
442747
721554
329083
721899
404650
891402
548383
463945
616999
913823
887651
795169
322330
568757
593254
439686
220690
666604
329531
385375
912568
690061
641759
980437
600097
311955
830212
408693
536203
872732
138329
892341
225862
619600
901869
542071
637296
243747
434583
687613
640851
859115
982562
917258
705658
690666
337302
369829
159552
334573
843994
506999
804445
963632
133186
859677
833126
240415
203586
670546
513849
850742
617071
518918
631456
493151
958177
461450
547916
718463
583789
664888
147549
926910
152370
825241
835848
783052
715368
978839
162845
516435
530949
478886
636329
811752
912149
755425
484581
930933
896644
789823
792113
675204
650698
421940
116782
298627
625985
247674
563185
818952
197024
378215
454489
306166
316096
664424
513658
102040
228432
244119
183067
623407
993330
788011
147061
989334
862642
182533
791210
781150
291410
863176
527493
891157
778336
607697
514333
733961
270510
554539
481608
889289
914803
546418
917935
473014
879421
182366
384213
429756
135795
495235
292528
456948
635230
507994
934897
844815
747838
594655
156799
772456
180423
216529
909238
261888
521168
595033
340728
586317
911220
954146
231854
736901
608031
398523
571833
459831
861023
702573
719843
796795
441532
393136
116405
136429
178986
119642
512854
262853
344992
296833
177659
192840
966037
180092
865546
298759
426608
332758
502549
555323
212685
933858
852935
369069
786441
650038
650167
467935
975831
263587
116087
158428
548202
891345
623704
632438
429344
917077
264305
894048
222158
922018
763749
308276
933328
262573
234340
823404
438391
807997
779716
342156
116958
716945
534284
253565
823041
862151
984875
626094
153604
981092
573126
647449
267912
778414
274748
246846
384996
443467
483243
474724
576810
905702
385471
249125
452195
982798
421515
732445
680516
761113
510980
962416
964925
115369
104942
474638
892080
191025
227886
261598
836412
414122
176247
496162
788946
525628
240316
242262
234089
809639
728825
766394
213674
917655
169882
967050
373498
348309
820008
867174
246856
152057
792012
186962
249876
728124
864589
676731
405991
295840
610720
676390
388382
783584
590829
704492
977519
508683
425192
916531
881127
995459
152351
253384
468266
110601
465545
143476
280857
362906
857388
912459
200603
810126
726545
965251
404840
372147
562512
393250
492108
373139
673381
655072
177863
860115
342425
315875
928207
621512
581894
651612
649946
636113
277932
585087
161806
927422
864801
310881
408019
201758
183516
841712
382926
498642
794669
130606
639148
473802
552702
541731
457871
538043
355522
555401
705149
178146
227767
960050
343958
609027
181126
379375
696067
734302
355632
675459
290823
991219
697494
439084
368312
899853
649981
840189
711869
102894
106888
637365
181145
745827
520499
759325
550254
419040
869008
330174
391108
508315
205455
810902
109007
293390
336782
723096
952107
261179
741312
536277
552067
263311
654447
621027
488327
516653
493356
732535
685276
499241
211506
646327
515497
510010
616342
693699
552388
504847
423159
949047
243707
788169
721129
848091
380496
577878
228420
534288
589682
605125
309795
297006
916651
104762
656697
194218
373759
720404
996431
749996
361168
406028
441198
432157
844569
130378
710576
551437
529550
282524
323398
580375
916653
328500
992443
614015
156159
221511
249931
200777
726052
197363
912208
600511
204749
686359
705204
191161
581062
123543
370276
907681
536451
382131
734982
852687
258340
123290
701013
405308
758719
892594
643271
295804
196311
730328
715372
507013
757211
720225
551510
136794
686817
945929
433555
503541
990621
345975
717649
691689
278861
689155
757165
515921
847286
409333
598619
604046
228245
764836
906180
482357
243981
811919
363708
220845
253946
485140
279955
975986
467005
413782
345866
371345
469464
449913
359274
634470
974043
227317
408470
794354
863175
680152
314078
744184
531495
989411
332919
535736
367113
120877
642038
435091
359562
683570
796503
495921
210198
912841
342236
819359
955235
568639
326255
965720
983614
756808
411705
236197
250480
519180
689763
133702
435109
253131
211030
916407
763485
408065
811790
632833
870468
563237
501462
117464
916776
817506
615570
732998
347999
633779
780360
197070
381814
712393
583969
861600
507315
461763
710686
871025
625607
603271
991069
575861
497599
196929
424086
405216
105382
428189
464316
472135
862578
398417
447447
844401
746965
757906
981412
276278
880460
818143
873591
224432
750324
920299
421743
838391
886835
346901
957811
195862
712055
991183
742187
159875
162530
724808
355691
868415
363308
394971
181594
376575
304654
832836
117286
841727
370796
389564
747953
137353
898909
310420
647605
834604
390264
856886
878878
692404
975308
880706
740887
497911
463252
398727
915742
341049
980556
743393
393397
186924
338463
501268
336353
328930
784144
133419
322153
537065
632792
597890
243359
587616
758713
505283
840233
760403
216895
535119
232653
874511
849172
103646
349241
223935
332729
378097
991737
328615
501278
940068
308239
885684
367540
201505
379757
205348
577664
993626
309235
191938
646681
141004
425418
726566
240185
607395
653816
285267
443361
908370
584826
448898
131938
137384
401008
778449
870323
800486
485470
984581
628573
222560
534925
672717
573520
336958
996962
731385
152782
222012
470051
905072
441268
564287
422500
719147
198926
543614
678378
788258
149197
291473
266289
350092
160505
972973
205911
444566
828249
904816
733064
940074
291561
416780
218230
161840
596626
612928
736241
650386
896638
434373
419605
407951
267980
719824
520467
936651
486010
159652
355684
442987
575085
656336
732194
632349
476881
408376
713617
620004
334587
662291
800401
103954
329744
945560
520286
685522
867279
946300
183934
455978
735905
241301
916497
887840
480467
803425
264457
867202
184361
470488
168935
582903
901737
541639
747721
330564
759710
963916
990378
232230
642151
780281
473841
359907
270081
383872
209003
544581
912424
673394
398832
790377
513541
263421
249991
765288
531534
135842
373021
774885
162710
645458
668022
661596
482695
302128
622327
926007
912968
878489
467408
912051
710552
372936
109091
417666
464548
786726
808739
309502
153710
506276
835575
387458
888527
223045
963202
583445
895264
306865
533974
847563
886386
668640
106923
638624
932295
107837
145511
251483
133528
534374
427181
387756
704527
118525
320326
281534
699054
271268
291615
293372
164738
419650
522342
267054
105801
686833
712550
396149
968542
670108
564827
806248
584313
168027
412152
789254
438599
237315
651020
943303
252709
274077
941846
588166
177360
976517
914874
607097
626036
873192
956971
497480
372501
100807
967318
552821
431647
236096
426317
643399
572710
207051
108834
385327
985520
590206
595831
116337
850369
571936
710256
910348
127516
393216
232720
117212
385450
133655
233698
307832
318546
941019
659645
432578
667458
652269
758563
231553
980104
924074
318238
896483
837988
239780
209374
938814
347342
105567
445141
974807
790523
418256
748367
855992
705612
890725
941361
230399
838757
228811
872108
882039
513935
934429
693841
893256
272943
317730
123566
384861
410360
237607
901979
556361
904152
320644
981506
637024
285622
157228
333772
783624
353294
622011
956706
356783
133624
593312
820901
881225
796211
102576
852481
572468
118324
442893
276125
407918
110923
942113
668464
503495
495648
436223
604075
911714
915431
117214
188351
889244
659444
762312
808440
325862
666135
434871
965260
507711
744215
550395
843666
436675
694575
800053
117842
379302
592924
724330
889535
325200
341262
249452
149723
884943
656738
368860
395036
390005
320969
914473
141310
891350
131278
388307
306961
669757
208633
124527
630751
665149
844854
438261
592848
277556
585287
862753
531141
708202
559483
833345
831733
445377
315251
719657
174100
893305
297967
367892
980730
437587
608893
776528
291647
318645
227614
521820
569449
601138
735484
247489
477317
350628
313359
215188
406470
847154
349194
467741
550848
119203
272572
600164
662741
615004
277648
682612
386727
899884
187882
173130
876763
365569
593117
854121
413729
147823
113183
940907
407560
598584
813838
224552
128701
573082
985325
820968
846567
836262
718185
848247
606368
722423
444500
991124
663931
834040
374374
465754
332366
660594
407127
667121
203441
275876
579054
842402
992289
483625
876969
639198
101418
431930
601449
558775
520237
773432
736650
125877
237144
188569
260497
194809
634047
754249
233600
782338
899517
198864
626097
357493
169326
673964
123504
142891
187995
492094
749266
129000
750618
177935
448602
840069
528428
154002
463443
865890
277315
779278
970585
124094
734821
862762
114904
740392
769858
242585
956519
520241
550429
175089
910815
775225
823566
604397
790639
943618
827884
382863
458181
350853
440543
602598
118742
198986
439276
526160
401850
241157
349190
594949
981723
565409
747564
632980
116153
209770
536096
365603
259865
822804
552067
515915
362725
170177
802654
579711
401618
157379
472401
841556
483230
200230
424068
473311
362230
579902
997678
288037
210180
103059
940552
342477
844598
200480
470271
791339
577941
477315
936744
820940
481676
568123
525924
353828
911720
466613
369322
211542
592457
514151
761047
189794
713420
122103
865891
405425
578721
746248
917396
621565
183592
257205
344318
403065
343727
276053
304446
362303
132127
772325
952130
110806
371779
419085
652411
734067
742652
287543
618573
603938
237931
801638
112765
470769
657217
889986
811704
159955
823744
831859
882613
771198
674071
846437
868022
430691
209527
183881
494659
225187
164723
300781
337580
897617
532215
738432
495282
573762
963134
668389
183674
438403
356028
858137
590958
946973
546909
331594
703400
564599
763639
708258
932866
506996
487574
648564
274851
531268
199738
176388
641758
697608
826161
298135
209352
399770
533499
618043
156251
684073
961195
981155
723190
466664
889057
144523
748110
501047
546724
359502
676057
759675
900255
933723
697444
321923
525255
922779
655333
816433
215561
976762
940086
733577
455901
762526
375036
844173
343920
228956
598964
967465
178113
513909
662715
133820
428713
149006
685447
779813
863399
989594
331034
665833
405160
376258
320576
761820
687397
826907
662464
121487
567052
616339
716157
659656
841915
541100
966149
562658
984620
375877
573150
403152
453477
353600
570018
752125
592746
640571
638092
273888
423697
872597
289769
444613
452207
355890
305695
854031
340925
662996
674594
466728
919924
390422
269837
976969
596248
530141
874796
562290
929315
639332
185872
228608
930948
741628
422114
927435
566400
926608
161571
137153
590772
756179
570074
432924
577594
315249
242458
460412
827245
160002
401157
412797
789787
844249
615997
875780
999907
350201
417282
337687
241105
773522
233455
972408
984208
833368
621721
181724
215889
734167
315454
559099
928851
553401
696709
827994
864429
528552
133947
620748
562430
624627
707732
651624
272063
825312
956347
949588
447761
394597
318945
959015
453714
269406
380201
601267
887343
891579
666455
813729
308655
850356
303513
404962
395945
913292
224220
300387
564852
443927
771346
103998
769339
941365
947993
438115
398039
606984
436003
325188
115535
678910
466660
414838
969279
797886
747175
594506
643772
870181
599958
301844
675063
774098
756370
858511
695813
101800
953317
224977
256518
260594
723632
313546
264045
917594
955760
695968
173509
853390
307440
708587
911837
333186
634289
158797
219483
158766
655536
156921
681840
874627
357225
826561
847383
934452
413546
391850
989580
296323
270480
111287
687477
887524
946811
321052
908590
753722
411264
736630
116926
111273
194390
857130
615069
365649
830090
700198
690492
466886
278895
625987
679741
929604
104026
702459
507568
881429
147071
736834
826330
301381
852705
826014
318150
235391
209806
865784
717861
374254
744940
416719
252492
914076
540525
364917
766195
831211
636422
905341
269381
923472
503623
329117
101316
413488
732109
304622
310399
174452
706064
370392
461046
345474
614102
619050
748549
433555
502323
127354
245194
439479
304548
499376
286837
221963
407564
901467
399460
431601
656824
198242
800806
384689
789119
665092
422968
186822
960638
926182
697968
512113
181232
536436
354231
810826
541282
441056
105251
171843
230877
886336
538186
108064
517581
698419
526119
521239
113710
802487
483683
388065
112098
704953
268385
715882
897259
239603
478677
332598
144763
106511
263114
434672
133147
896777
622532
745398
301852
216918
525445
741558
978212
112179
877386
406412
927954
273131
941564
148259
890640
699580
403180
980105
774266
593369
182023
853239
665365
973122
335128
210137
400659
683718
873845
153491
560984
705340
545397
259104
180752
264455
346003
338089
975696
564632
327653
103345
148178
171271
463072
350466
922899
471242
701704
641309
631861
175936
762406
293840
957305
737501
759134
815172
841934
722128
830004
924879
269531
150114
575950
583342
110767
914202
291489
395420
283662
728245
200177
477795
945435
315633
888855
546982
705956
557118
985636
763806
683548
620805
223335
908623
921166
402880
678629
131310
279498
200400
388830
763212
535270
375001
713841
574760
605461
699162
508971
315160
127140
925707
113978
522117
859797
793800
563398
157588
986036
928275
861980
425641
952737
933710
519271
179223
721201
297882
463312
868019
189812
227213
443501
805565
607294
190160
400013
804438
755481
990806
239180
318024
466095
191103
250948
809567
481905
225391
716917
567580
631968
788377
725525
335849
972094
733294
307179
845883
128922
839837
663905
521612
700186
391155
378612
615949
688140
149372
385975
852678
365206
453326
610228
746592
612277
311844
636562
279682
425089
757673
535546
450706
398250
829446
498061
288968
692485
653189
677553
905584
248354
619528
480849
310349
573379
660567
951080
832682
117652
541376
260103
501294
412879
700411
793390
597542
298994
932309
941439
962223
702382
466688
140064
690721
635688
531144
335858
668985
143192
437254
773813
995885
594958
129614
101604
701715
554867
433184
455205
141584
981086
661047
185293
937113
429645
581985
254495
136482
731674
286819
904891
635760
272340
518240
129798
996115
282348
355305
261684
825765
407075
334842
102780
897750
289674
258031
893919
439496
772589
248492
573059
710358
474450
718556
376541
623021
299439
379914
641034
762345
362746
993706
466079
143713
438440
661980
192862
335419
435976
744122
254669
350745
225049
347395
656681
334759
557038
167492
920753
443628
184928
815921
344982
222368
637628
417114
227193
469388
304049
618261
860659
318323
589816
338451
726298
975885
671646
275556
790701
210566
286440
933390
524938
591832
905697
630162
339293
225452
335538
407494
946407
507989
754111
197607
935505
799981
271763
616030
364493
851514
839223
110290
627054
841205
876859
359917
814264
851982
597723
725152
487562
231936
347567
812036
191458
972472
232091
710682
656092
764326
811200
617815
700842
790171
200216
891009
479524
108917
384594
760010
489663
321307
244747
403701
862348
133244
825116
115520
152344
468006
885024
873090
670605
297671
527429
763840
243351
497700
237538
155214
177345
498092
836215
998847
738031
826285
380301
713417
404807
695945
808468
301933
251482
896184
882394
898324
404620
932422
719138
880656
659222
483141
412773
979952
305935
915595
954455
457157
855407
397759
788730
399443
327634
368999
685480
877354
301453
818020
361126
516761
143257
103669
497704
364865
201876
810362
231844
733648
393736
934350
999765
692940
489860
914527
794591
893772
255693
171170
654750
255112
261372
339225
581914
451617
480127
792963
801143
428915
496639
939284
324824
313021
581132
652065
726042
508559
924570
885451
447042
804570
981672
131353
727070
365190
856866
355773
220016
847881
351056
470163
225952
717396
418088
979169
598834
270537
814743
290578
265902
975533
778739
596744
973994
426478
308678
539026
301492
770324
487477
304741
193740
466601
662343
112920
330619
435479
318408
666698
702306
456883
226428
952434
806873
283718
578610
200912
914835
723029
958039
386500
981568
612453
449776
490165
500166
255444
545788
268188
320286
371607
863537
728364
799332
346875
857649
656599
814715
131492
670549
722801
393357
538455
408563
464877
557032
760335
750301
781510
820597
299471
879166
727623
835823
754324
908091
915073
951000
386136
610087
246420
987537
924583
848910
534256
127647
850427
326650
142042
236072
402369
289783
405423
210229
787555
531564
905281
540218
577452
137409
832845
788828
183279
240652
904671
493395
907353
860216
302857
804033
734133
881000
680111
687823
576342
732665
408156
164949
994226
427729
635268
926281
973661
772484
408209
657170
565352
789667
611836
964237
172002
819903
742248
358677
359964
790777
637549
176027
954192
930787
912397
643360
849824
154967
669045
805670
713021
745099
951368
110425
256597
381449
381947
218114
752336
633821
249508
383865
692218
152821
497819
823516
226394
982582
825914
207426
585127
678298
714976
600864
766131
627586
766631
892386
703329
747904
521830
613582
165430
270893
587226
923494
450893
432934
948981
849342
915773
943409
863441
607696
943769
154168
834330
527222
313371
356059
190998
848362
864755
296567
933631
549454
442292
471016
255046
715202
543206
215687
219101
789078
746304
857648
350204
608426
953223
800764
948150
301864
361644
370232
282426
356093
711561
623288
419587
233305
554476
464675
945551
578287
372891
472381
255837
746097
722020
352278
930638
325928
746895
951105
267936
102109
626919
287313
968179
884083
422778
830409
756114
555477
541529
728365
146851
239717
544067
344494
846823
683919
629579
613919
190280
480686
554513
961441
919941
967431
654405
967882
233160
105642
560166
763234
835344
198547
930482
723010
466714
509546
561668
381287
176674
649176
616416
489930
144958
114673
535064
992484
524513
233562
243685
342579
890099
642738
448267
508361
627585
444857
997390
307350
399036
163185
405670
520275
150410
107320
607499
547994
340983
846686
452759
238192
222435
480665
398675
627070
785648
222872
624749
346867
581740
747957
567251
252441
849746
791808
266678
583472
642375
646492
701594
792124
987400
758172
388782
258624
703138
174723
368087
929341
657180
264412
527965
746473
420065
460330
858057
504739
166404
478676
299665
411613
273058
306499
301252
389424
414154
570416
606307
834653
619407
156242
346328
212419
198164
954135
720185
487348
963658
527347
174685
586231
687434
449043
153354
235490
355676
323107
681621
314671
690474
247588
776900
524839
393713
257623
990960
132475
761299
289633
344711
910479
625207
446640
646167
148204
711627
837873
739257
699063
596208
482156
500652
951812
291656
614542
245553
956026
781642
878221
442633
441070
503408
865820
731458
825825
203191
427235
437798
696590
305638
565646
142692
447117
908178
658460
577136
487825
842591
685715
296880
497532
982851
864176
787956
586314
220870
766629
156932
637663
888030
638758
335740
941922
244385
776327
362379
950917
142305
769043
405356
981189
650451
764922
510125
930468
740536
810117
335853
418889
680362
955086
388644
823218
524884
594745
260675
344652
156239
169342
520695
776189
427990
417338
364950
395089
193079
194899
180903
454510
460994
344969
432999
637587
864911
992009
151513
693268
306150
570155
646774
956042
439977
145587
687532
666749
604671
395981
744891
816132
908007
609518
940984
261194
641348
866879
843833
168616
694258
976706
916159
797569
688738
902027
289818
697038
351688
324757
921150
251110
475900
290329
567760
758863
292167
406989
449865
904708
951615
826664
538586
511041
323382
227196
188146
632337
634551
505144
261457
652688
273559
873323
415763
210883
493678
941982
367700
216999
718200
254560
354402
559913
412936
178680
199170
507994
516582
672117
460517
979098
425737
508393
826266
742567
383449
228324
199277
333255
219959
686580
483845
612832
574956
732284
214086
708512
651156
606137
439060
528994
259255
326389
406431
529867
691502
706505
624938
231629
781082
808382
604509
773643
273428
144903
398002
971282
672220
940983
477039
867452
583005
596726
823122
847873
688934
453710
632807
981454
950268
363592
353725
310701
778155
611771
397311
890682
790511
728832
748156
587497
689306
715699
971267
387089
767266
178978
358774
861680
998009
608477
942047
580167
472560
690398
960201
569872
747090
420759
515778
262977
192913
401529
795584
608021
385819
974287
702914
336151
926180
729907
892904
407294
384958
440619
907548
136543
278910
884242
634477
870968
562637
876399
895579
550301
176467
346284
914137
448228
748293
669220
102652
470770
211867
523974
690223
473334
884427
766151
627265
368585
525258
687795
745264
499131
308394
494802
373649
406723
308499
123038
886813
753601
257199
674376
738066
289090
871256
306476
957149
505301
597842
767705
723643
793159
273802
277805
951713
548852
373318
663515
765736
407690
960960
454776
586883
206994
777736
178813
162096
536141
930215
597998
361501
209823
143993
651959
115182
469474
402568
264860
988869
669252
767070
491967
114341
397310
464427
576521
246876
424631
617070
359130
546066
372271
682789
476445
688675
458435
274823
518451
504224
981468
341263
351683
818859
462831
110192
222180
655072
266834
308880
197644
969615
906073
735486
921456
581299
869467
447992
905290
357413
271208
363730
310228
427300
876537
914756
986568
667699
607474
918348
277026
703747
148599
971931
201050
299778
530536
766765
959420
304756
383551
165417
475336
808731
588738
748247
443032
242572
105000
891906
508305
410955
485151
637321
367657
990803
213269
702098
480614
797372
531560
680560
721449
785080
911154
568876
132975
747739
515178
164068
931905
962528
148526
977729
151567
387595
345532
272172
431094
127590
371469
136900
707527
522992
905404
248794
835606
526954
566766
243764
114055
786434
680342
301799
993576
312434
371784
536152
865006
433962
337628
347431
168298
411840
484189
196396
710300
635128
835260
289015
858616
183756
562800
964703
266297
568433
606059
796615
649537
394114
317364
678055
961864
615605
574751
732668
983610
331231
913947
918918
585918
107366
814649
214401
419843
876712
744134
418729
929204
630249
962780
856612
951229
835915
921295
628236
476335
224044
504647
685729
486336
491922
505164
606545
948026
391678
172621
334365
864366
440861
872014
680194
701489
698862
905689
737443
797532
646830
468770
631573
622387
528604
936386
736135
411393
774833
870606
690634
746470
354602
849310
177358
795122
182717
948751
169882
311307
756284
267060
603277
150524
136955
626154
778884
825220
668781
446308
653036
503197
251985
784700
978060
204096
482831
480470
308091
420561
292850
522509
282289
533336
716715
695403
719279
176965
841627
185577
468044
497289
812275
881859
252939
679309
440217
558945
189611
453051
527452
201132
165125
488045
962645
189572
121242
413079
385908
532757
294553
519874
627079
659455
631911
660666
759886
708374
603581
727127
102217
677233
580003
968111
759400
304361
780193
950192
562085
866121
365812
458129
574276
543697
444880
877074
574700
731406
434409
374605
739613
296416
980615
305292
265898
903227
943449
149504
562784
846497
685206
777555
659171
500066
745729
123936
299706
261008
394021
318426
509354
458628
894313
400691
591373
446452
104555
203900
991408
968894
350422
106078
937181
420031
718983
976882
152380
243115
241818
275675
554043
384007
680269
170388
721768
358969
751667
516502
357911
740195
699221
432729
572826
668222
646790
619255
689747
745537
240114
679558
117830
120362
375540
489709
999846
603017
324543
330411
453679
746009
321307
302912
439340
968628
160033
107263
233637
515704
663926
872143
552739
191306
635259
413634
147744
725188
471521
947846
560891
936170
784522
605432
383446
837904
190073
325385
978859
881832
336163
153746
996607
867311
898452
325597
470647
335087
732804
373572
371902
935621
615135
831438
862566
833651
279396
637654
989169
943758
949948
385158
216541
736248
305645
941334
507500
690959
260935
233349
727875
290747
388482
295483
713178
214093
300661
793832
967866
326663
366287
199245
448741
232350
775128
869914
362833
448046
610322
299170
935147
602069
422225
556234
272533
214043
242833
941094
606689
348197
236410
438765
264114
554868
860221
877721
708639
981526
218725
220525
447340
316744
137560
915812
690328
800856
813897
558780
495120
696758
379741
903470
221618
920456
578282
988929
757873
730600
991847
558303
699132
774700
676082
588610
216585
920009
117051
651283
595213
864324
675076
205716
471246
341316
666705
927592
495569
946791
126913
450085
170504
208276
368803
322125
373370
895519
370466
506153
759033
329986
865891
950041
942166
134816
964971
900889
684065
953394
314644
679344
397564
891588
823217
856829
389300
212641
411891
675079
731259
741118
669533
580907
339565
449623
614220
775671
806761
929420
514637
499039
248999
888845
559387
916486
622352
982558
672025
228382
814450
881705
357981
230804
897311
965941
744915
778810
408166
547046
680515
578699
368621
754496
524062
163911
766207
170250
835269
155964
770919
311436
925511
300884
971589
771201
331228
940477
829123
649495
188366
122924
137607
232361
237873
357619
507759
821250
141706
571458
202546
143694
770161
962651
414115
744067
203860
946714
350968
278059
784502
859549
630784
261409
300715
843668
283028
847790
191284
738918
531921
154561
797126
665992
798629
659057
670375
256769
726662
839188
679109
314220
233329
336016
112266
763173
171435
811919
275016
195599
195946
426315
603925
609283
434235
920152
626584
442057
283101
742063
138830
426876
658439
479774
173904
524071
338394
657624
947466
181723
379832
924636
245853
820619
668542
978366
159835
828898
963157
945508
217775
882481
492331
520934
497027
425265
143163
131126
689342
191659
991746
495693
173332
481181
759567
111650
628383
326068
947352
472158
133513
990410
728294
749194
463329
947240
246456
716203
798579
864403
420742
665072
551946
881265
976128
443516
706787
446952
459560
262256
244177
495778
234889
546675
326060
726608
106732
929474
269419
816166
331839
853068
346794
303599
608768
484876
128966
956761
909947
309259
759120
307495
185924
816341
247618
691493
877346
405515
957492
384959
779786
229364
362371
615639
266656
591513
223023
748678
904157
608085
603955
236869
741549
377962
592309
392897
315410
406120
152953
589223
297613
324450
915723
653494
415578
466327
190982
252166
368413
452688
905657
212890
744532
558723
727135
115651
654012
806735
131374
246075
893966
501211
351354
213778
915198
524172
894154
782017
764980
816958
996355
262915
918811
544432
851376
961505
823937
411939
901427
276677
313094
664544
123329
686164
286938
129025
294839
383788
482632
850016
824658
817622
582974
565339
408341
916121
764783
107350
246137
736896
959536
834071
794999
736411
213780
634910
916340
453592
587368
468567
202834
674563
255078
588478
350064
815862
254844
714048
455447
351299
916038
713572
191470
298596
321550
633724
329185
614273
296543
946291
750725
608456
848667
282246
907837
391132
968566
409162
892968
524778
317416
878553
671097
596755
563355
274508
331673
704411
871913
749371
827429
661209
479673
843665
387602
570966
619915
728768
164834
241758
898586
159216
135112
413861
519323
325245
585767
577643
313782
450396
417674
435363
194191
763879
333570
901630
582552
452192
375415
829431
395507
907221
755565
981808
153715
951139
574271
386467
657698
883633
328646
783490
219990
135061
435166
293890
742864
495943
375920
214878
172718
320088
118693
128528
549432
128886
207521
241098
527143
357903
784437
256932
417209
605787
480305
575960
342752
566390
581412
996957
404369
270917
135898
304620
681566
263235
754853
500412
402171
998796
438773
132180
488002
868048
780614
403136
435896
462748
437330
858642
303267
713428
307649
813970
368623
315240
208034
781586
123956
327351
979937
899843
745863
359046
478271
198958
441064
550847
853063
802407
138337
968807
902640
248784
389670
399708
517861
971279
190966
109883
603952
618724
571144
925972
483632
729064
507687
264016
613547
814033
222044
949879
523785
696914
906158
654306
617699
652908
125394
247218
841326
240423
892369
889150
309188
236840
820241
131457
840729
652741
967643
633967
436925
406653
647363
965063
229726
673856
137112
484847
469302
602733
783023
304577
762536
403769
293619
232137
450600
956859
939650
984956
825717
183077
394184
130658
888131
365708
134911
511200
714086
401618
283937
741534
272715
525482
237819
633524
948810
597568
759639
635103
725373
197446
455529
998345
436424
944115
714991
826270
342310
369708
534152
833844
822807
354246
718492
136042
487543
460835
504357
983509
160417
531915
511883
836306
812043
465098
298565
482132
915532
431093
704313
762234
837999
819265
130680
543365
660048
220934
957405
991091
392496
745142
712717
253025
555247
621848
885294
185597
678055
581390
182854
532056
138902
129765
492930
833087
985098
886885
986420
314174
173223
958351
585005
338727
417502
545603
255600
349360
184227
335360
153874
303780
455251
153487
205208
544293
229140
141340
611791
974206
463157
806658
615083
950368
372449
590611
511493
890839
739932
328485
551535
952265
672654
193632
138838
197244
922339
493763
607552
170621
627838
843671
866771
370234
356788
777084
664238
523252
522089
105967
744554
788230
431451
586904
504526
802901
252608
693547
477817
345606
281230
940527
278198
210543
754667
190004
359442
565931
556707
130556
539974
105529
375510
324915
265802
555992
545608
690708
488202
955172
722158
114597
218021
247620
290347
941013
704466
967872
268115
881641
877725
784791
168141
877029
857780
519528
564714
732047
155140
490425
336950
805335
992943
559051
385870
375260
803890
674807
992270
487370
726278
317880
371358
859073
756011
352874
752478
784566
252111
503789
790166
477125
897402
725250
959101
576243
750850
108519
664895
774241
224731
325253
828896
641540
249812
831042
288806
647113
116075
271614
506475
214367
665319
901659
619811
926107
950635
315980
230317
103977
303205
466297
687279
973459
933257
354808
748571
486136
403641
251327
263014
514982
247112
108321
640995
697860
825216
753010
888559
409532
313379
816104
628653
126297
307751
179056
754655
345227
292597
590194
857000
832344
775755
616357
748300
796356
876606
568249
737304
637758
122955
311467
225665
479028
100094
156486
320480
376484
896538
206084
668854
454927
637955
707827
326555
389926
428199
142472
904150
135745
639983
733442
658302
755318
574490
894922
552572
396291
739852
569139
719171
260453
624416
709319
317716
213813
740253
162173
512512
188777
302799
648149
490528
215144
338653
580751
511396
650600
883455
618864
928272
661059
423401
810770
761938
845042
589962
496067
511504
283503
207790
831999
664267
778547
128369
433056
483570
452460
631510
203212
205132
900419
861759
801964
918508
881111
331975
609999
684156
678146
853653
945221
251472
708060
927054
607696
314909
211559
761309
585278
109660
452035
732272
640675
864426
757238
915538
546305
688633
326147
219548
828487
311666
789818
764978
669055
686161
886237
287139
323719
382120
114331
646935
611427
927227
467432
270506
953701
764315
204608
708960
274206
116061
733439
836260
275093
746780
594475
536072
659719
410515
533810
969301
214851
455157
417653
268029
326642
287316
151610
936827
889505
112106
755563
155528
890883
923739
212725
934758
902647
506701
879510
687536
214019
113574
585923
566634
793310
456727
225351
851733
593939
250943
804695
237579
557085
304567
906191
531754
523681
623416
782305
697742
118502
898584
262172
252326
821487
629303
418262
829575
108487
159199
814953
344785
996243
128375
208819
671916
277001
572048
245574
591799
223546
893875
396042
428530
851673
517091
169143
364747
945668
174835
171970
339593
641679
951744
105311
276515
625514
239273
726709
775416
965901
243691
985106
680752
106906
267198
105310
616128
402332
743811
679476
218992
447066
101068
234775
407684
509144
878682
439546
849260
264218
250795
283591
662589
921153
846584
808722
267476
621993
867765
773371
894455
864021
676709
430664
372122
863845
806839
299820
798772
733608
492374
535537
354060
152465
798649
120687
919204
276102
245661
574594
239577
618515
762203
393515
135329
556274
793194
522456
109560
746740
210732
775193
417045
739970
627230
634384
511361
498941
293605
264016
325158
194678
495771
631457
521024
796675
954174
598979
381100
100269
778047
202932
891480
504586
699277
241243
386027
487479
264254
751468
955027
125615
363306
202523
238663
723107
796889
182213
404033
458011
372332
566990
117206
127637
189135
474248
852302
869490
318112
864537
284414
705263
630297
126345
575669
605123
781723
706778
869519
827156
534982
363325
644149
788657
528964
949616
941267
593018
654718
552535
368459
267239
413967
624037
102916
969933
799720
487609
820916
918300
669103
563249
147333
186117
121143
846758
294803
731505
759899
982452
351103
852555
601586
366235
845783
581612
534285
602211
747138
847185
147075
496191
832893
604094
402887
210381
494410
383154
555513
401701
292744
164807
743389
245722
285838
178175
684950
383787
228261
499663
796944
148259
235834
591846
196059
693770
196590
224779
557446
427335
386059
757710
178748
428000
329404
793662
901342
120196
670836
574854
572178
755199
276558
502321
729848
535213
355307
564250
171228
351568
621972
614272
408864
499764
471533
765776
204019
770949
486014
926900
380329
645047
560945
304085
448286
210023
778780
145803
160713
247248
977437
986750
415699
238656
266854
346963
906723
734940
182448
755230
525275
313612
943447
376126
346140
803707
587443
533689
596130
708749
591908
873479
510154
240153
288878
716129
595006
400375
115394
173149
907772
596930
667383
661851
133786
885832
464694
175196
921631
408180
221526
706532
847420
298348
208262
783423
673218
438478
759449
203774
882721
812593
220513
844374
928285
311846
488070
324697
993716
102421
213695
936188
146142
479221
536008
275310
686500
878926
933909
894411
138020
258484
447231
213881
724908
622792
385063
249159
172486
268714
574854
816970
517550
602992
656994
733066
572385
169814
282727
685002
940610
980793
656547
182864
210311
196102
189429
564964
329992
139521
205279
339470
529830
616435
213324
940197
861378
798795
874038
198496
622637
105518
967139
975785
700325
540259
296144
832388
367155
216354
892399
193605
357494
439059
718197
734911
101165
319559
183304
858017
232600
424355
181443
379418
879503
546253
447347
721956
499132
153190
465226
576016
694457
439934
686511
573570
867499
877280
453332
140077
209630
820432
360465
403821
820014
245853
694918
972220
467001
601684
509135
378416
152872
481358
757901
614417
596531
173446
954787
669959
488240
161358
830472
477772
193986
877690
305793
791169
638002
477379
420313
829757
817518
951105
104251
301680
802777
915288
716234
898519
345544
434018
293464
537217
404594
107315
363923
643483
273084
668968
418557
596766
981059
760716
908400
593104
137072
616047
128432
447947
295426
594089
423401
319572
284798
990464
992063
362006
765338
766164
577732
145023
400113
248137
397505
394653
434912
813725
364309
545011
351885
703566
585484
612135
731743
179819
276364
169354
646386
668045
700055
448918
610787
820434
531250
802593
998430
558717
515997
472877
329098
662184
883756
925425
739029
959888
715595
510307
362902
548896
391079
196235
702315
915801
791954
633975
812074
247348
620265
304701
560146
633402
662286
902420
622741
544907
492740
889986
402669
853170
364287
879883
460438
832250
326531
210763
824673
534410
132963
529882
931489
980264
525575
883156
543618
219862
490338
961961
898370
764501
909146
575045
736162
579350
875810
377388
588939
167816
356850
196507
127835
498661
503242
638750
236245
300936
722378
135898
371346
915077
289454
625017
649438
409151
731474
690383
288712
206922
789233
850395
196032
121605
189780
668539
387271
372396
921006
248268
110435
789103
567320
346352
835425
168526
886083
132663
606229
654825
184978
706187
705305
501332
245547
177994
441503
659205
442336
928456
808075
576084
956814
709862
593280
627542
534221
368374
186325
290287
691684
456272
888773
629080
163377
594293
536087
160850
833108
396120
811611
213743
309223
952750
874674
190978
669376
139730
127369
239497
322451
253045
730815
470737
103021
326723
729588
649877
289239
126790
106686
207329
259879
168918
580321
329536
992692
934057
986680
423036
536146
161670
679965
906485
358546
240335
709226
309301
421503
124695
538676
827641
493517
672820
873492
232218
583949
461949
204364
588055
607125
773199
476868
147294
791344
841384
508594
955487
511759
565528
618709
163492
451643
952548
747486
366834
615467
203812
160848
200756
195906
203767
909885
151283
787346
994032
721069
539157
671107
918709
759183
421078
432057
650844
725095
126919
973820
351225
390766
199776
180053
656450
376814
521619
627674
524432
535267
593004
679364
858583
605148
734154
594135
414954
526063
722555
675660
785972
758129
931805
952891
137110
761198
220035
990742
701572
584014
376466
674741
999557
727006
523249
882082
307048
891629
419587
161756
258476
694122
976844
814233
484749
703824
726627
661113
897934
499982
377567
192607
811385
285062
968564
654417
381980
385467
661180
542216
882198
231878
212958
858356
333642
800851
128162
305904
541279
692193
701689
133760
510842
445542
540562
577236
306908
491780
433721
797115
642105
628622
453951
534864
236095
672261
372852
158633
126833
409681
778841
613743
673955
886809
592984
595564
415482
438195
411481
224887
618719
215131
572862
319287
948251
670627
387103
234693
689980
527824
947750
748491
305221
815227
388862
156582
702382
624214
252734
920261
993483
266167
282396
523679
223000
356429
419312
274384
217854
765154
903926
316437
675200
777785
974452
263320
914863
989866
382729
652748
899668
246174
337676
264941
609203
680773
778824
251894
995082
242942
344617
806255
103758
767754
238835
784931
693366
873444
866745
834158
481778
247148
689695
473200
566857
414481
436232
508594
112501
459420
121241
255464
464970
340029
462133
633424
475364
637873
935521
376244
638264
590013
224882
750888
132056
635632
467289
849473
447532
740874
728285
720029
721013
916413
856314
839784
327716
322747
230510
855099
992102
527490
634388
566540
472737
621410
701915
250152
635884
553422
992895
331574
211079
811414
993441
517771
574535
862256
804203
283518
384758
155707
124757
853822
636379
455097
578702
771951
114708
941073
243369
187089
474264
986854
491119
333259
294562
859383
192716
914386
818942
942091
181640
597610
253063
568074
745995
569653
406295
846109
729907
517168
764413
483102
878297
608541
994709
380838
451460
602221
276253
767596
725049
284989
525345
191469
248650
683086
693713
127259
410705
896972
280991
854200
580035
548595
325861
733928
112411
695515
107014
165269
173954
232115
130088
797742
626597
983744
109198
537389
560792
966296
391727
538023
623296
589163
708974
229092
445159
929237
745029
115858
562946
970716
234681
289795
883696
423145
826624
534366
223067
884734
151168
628789
714721
431157
811550
242342
815998
128712
622297
377775
987278
592317
885289
906516
498476
316864
159149
392059
462017
172241
621483
901164
202710
907025
903142
262290
394965
659127
408536
626586
113118
508169
881815
103672
184231
177083
271575
473261
610350
355297
552629
774303
440596
260375
191835
659742
433217
990729
981258
691649
293236
311735
846498
753921
901560
148241
971644
613197
967766
387498
487048
397490
800433
516931
396504
219714
606634
860491
390041
416795
299920
205368
961866
113975
433538
939060
599674
648327
360622
334065
650647
324666
634452
286678
212983
259601
548446
749008
387081
698203
246726
723377
485755
353214
189206
848796
672113
384901
881955
285004
878752
973959
609021
633839
188281
784669
914979
976208
222109
618603
171651
868929
668571
936126
271870
926292
352150
617237
782236
713623
860475
672601
315400
442378
406987
811068
345246
244370
454305
372946
590302
385366
673639
445538
750950
379935
520159
226585
583719
460165
513218
857502
581524
788381
924144
610569
472477
369363
661147
206838
356709
315661
991162
767112
390424
141447
180090
905493
427945
838367
520041
766873
419605
507414
362169
171455
267104
566325
405345
232103
383192
395782
873659
275700
745301
325311
697903
469709
764217
232511
281651
261238
851220
540343
639243
710789
310594
359509
714208
307175
787249
388831
758972
940644
823283
654055
569629
461984
669122
645766
610465
512822
497739
665138
410786
985942
733955
769936
641074
847338
529226
183187
581049
995854
761336
345234
333427
873793
242226
803555
103649
204915
303327
772062
154280
509258
114890
913575
633539
954638
136077
130543
988109
168959
321698
163085
236890
786924
178340
532734
961407
342777
230449
433902
409798
381800
797665
786996
517950
264584
454340
864884
893062
923319
281503
271609
983665
489623
568263
136890
467174
525131
617128
326412
833211
632588
927039
795241
635676
698401
816241
929541
567228
659133
201015
710202
442149
611541
431637
576152
621808
816801
998868
291429
882076
263934
420368
543387
643237
388673
907115
431483
774803
798214
227969
690083
551798
132468
898549
711777
391907
768658
315253
777986
636880
972818
981640
578780
708563
933699
568067
398934
471358
786576
448205
527110
976384
886643
763934
816575
676903
457125
839925
349477
869446
120388
148245
129636
335665
515245
958013
732908
901668
398589
285776
878854
544433
767686
104407
440759
549514
790318
412974
219212
775647
387587
584536
878227
841858
753851
265097
239613
839270
505376
919239
173176
387038
436960
791953
434073
890182
404381
894732
394789
922016
500444
545833
100256
176517
454434
894909
238375
316192
695189
112968
354896
759787
154487
829501
743400
992675
544148
242276
665494
809692
893437
489803
460331
129749
595817
432568
554669
851818
731489
125690
903164
246195
695263
311301
134664
233039
441223
523271
816718
517586
440397
683117
618413
143015
963647
852614
618036
909985
177122
260920
494232
700440
210864
530457
955407
175329
184899
102959
385530
854099
458326
327255
348418
764073
454438
651892
400833
409416
192245
754478
268513
417275
709405
543475
553869
941719
401794
736659
558873
901395
313566
483817
141851
271231
781492
517439
230215
227985
996579
708980
851661
932631
179063
856729
118299
439240
665330
676232
589351
965349
899037
614854
792563
132474
481182
371209
724241
299819
426783
219090
641787
982132
620254
246355
697188
773799
647695
295774
783470
754109
686478
259700
658590
903130
681888
940760
248159
547250
381599
278453
407359
637439
743589
275375
923696
618222
255798
464913
723692
750325
145649
589881
250621
241303
369449
247846
768921
243226
156815
979351
538212
799210
283025
944907
441476
939510
457679
387536
689902
213486
217664
534426
659082
191480
181049
484711
204354
126474
909776
213618
520093
634218
897562
224631
391243
930794
503554
252170
641063
338288
572401
206445
893337
792473
897721
351382
930358
645538
128181
582350
654443
817120
859095
912433
824975
465871
908669
779138
252673
655480
120898
588277
723328
599664
991670
820590
637105
839497
371813
195074
640949
253978
546271
999618
969623
458805
932347
863225
170609
481049
573420
128555
269338
463403
188584
878739
576891
956337
261531
328586
474620
326615
664906
132624
660516
611271
458788
618218
264294
718628
785898
418263
723895
862496
598214
334585
273214
636469
303576
684994
279103
909617
882362
256348
456512
259483
126684
454504
474536
155056
793210
967635
945342
994102
170182
289634
182843
124822
126462
106896
816886
669433
413891
221034
486517
368860
830724
519418
531090
542814
455143
975580
632757
321020
183227
980391
256158
617339
871833
488388
303583
516471
414921
907316
122064
738361
596392
100459
775967
209196
148446
953432
931804
957738
360461
967544
654827
478609
115783
617521
762315
553235
927826
271999
541101
492194
472026
391545
267896
870258
877164
228809
877765
855479
670672
977167
882743
601851
603655
864216
306482
134043
242949
670113
849894
868986
162252
663859
769347
533507
587388
988570
941420
286397
585358
470889
331668
336590
437240
846777
343284
785674
717354
978319
290176
963744
362557
853659
653938
605324
786774
213647
160467
130612
531537
842089
607235
271686
817150
907092
136204
241125
607512
871421
253138
848488
204506
399035
478034
576502
632795
230675
550833
360041
719566
274992
263254
542960
696265
234046
733597
905020
588640
494658
171586
604249
939602
459507
687334
278971
567307
384950
431382
126454
970604
791889
671904
674162
330369
617301
851916
338633
253599
100088
634507
331737
740376
638697
689224
478636
803338
119458
570815
327039
553330
867476
675535
974487
378057
564350
555331
413236
937077
614001
125625
848611
692175
737741
883858
613535
797197
749851
374101
819370
824703
177461
325482
612062
843380
228509
148035
336939
170029
215323
736580
915084
500367
721413
833190
161051
892130
679798
910691
761951
868664
966437
402122
382140
302092
320336
270098
531879
903078
896408
344201
741552
799791
420414
388749
223024
370811
311338
672334
531959
606916
650151
511574
974018
781830
725721
896678
961787
378416
119389
169106
164546
839358
106006
825591
913849
420579
275305
283871
945996
335965
657635
685120
627537
531099
206602
143038
234329
411684
239619
923134
730972
485136
328680
492390
661224
462105
948556
171096
122357
135514
277977
252852
678851
397405
160032
802360
639213
264446
391853
607333
428769
804889
574065
239721
399516
924254
122520
616845
113296
993369
963304
619468
364234
597761
316599
834544
792847
288409
749790
838480
423838
916051
845294
322739
393764
702898
914269
635562
530007
643534
290342
684401
669108
549882
554415
364513
841863
157339
665363
672770
600811
156881
977237
678753
605088
425714
522804
402942
852857
683162
723844
345952
392716
409218
527102
464828
251787
764243
608756
565093
262876
677745
150305
155586
974782
754345
181521
731276
169115
195401
777072
428951
656891
621576
379305
486134
912302
399030
339794
415576
765086
514152
742346
652770
739128
135200
642867
154130
139941
711002
452283
303326
719112
420207
965381
424175
722402
439773
493386
836463
104578
377648
215694
260532
867690
692638
551077
778021
926926
613810
303301
901700
737980
149303
625440
924254
231861
132985
322287
976733
363464
217946
372979
312411
868560
295869
981988
435504
903218
740107
370968
738682
863737
241925
456858
635376
531706
468295
871598
455480
317786
281902
939442
716362
594509
979276
830697
542301
925045
154480
960489
638781
473345
313807
581839
158178
728348
918127
846354
755657
279312
348336
813160
901735
982153
595940
767175
560354
737902
252110
937776
835726
836409
199236
644826
879988
479061
827461
275820
961186
511204
446022
288153
469715
364448
832522
805366
952615
839364
453405
942653
872733
528494
748367
507068
795869
838222
171010
360530
100225
518418
560612
321625
255770
979422
503270
714293
133546
919904
296026
757528
893859
489742
972668
134803
850877
563515
912990
732498
813273
187798
300800
748326
420230
702643
785762
624523
291919
314535
487689
978544
848631
131468
126403
490119
324438
638354
873163
616582
974784
656702
784628
639845
532952
140198
315510
263230
361800
145379
266135
928944
955326
578731
566508
603158
818351
490743
842788
400774
568932
351676
648040
596489
658409
394561
576977
345471
361190
826191
962829
186819
759193
154054
644558
775349
864132
298355
969956
862228
177045
626145
100910
402558
989476
568865
861887
100387
873456
532303
394516
983557
773867
705848
145273
722657
743312
225743
777667
837218
785000
305624
957946
683616
874928
533169
775970
453118
663404
137178
304648
191795
120820
213778
426267
888409
703382
455921
478940
428531
310331
915731
448912
391927
607273
909601
174297
536585
160411
284909
525214
235613
660565
235501
871108
334897
163552
619438
662369
401266
764913
523636
165962
450926
615492
420667
503019
225953
657989
655023
936645
496595
879984
123834
793113
699977
662029
356323
144461
181098
549556
208975
200198
235779
273106
911154
203040
382473
656160
325496
956441
956163
668822
673840
916550
835967
530753
259212
439786
984736
612856
133402
876497
602890
204637
831360
614831
165102
607428
420781
686344
120559
356932
384027
218997
230222
145970
946190
212044
855227
309853
578479
685428
435933
641703
647344
202344
192194
125965
438711
718130
981032
464267
114801
387586
520221
770346
391965
233128
528813
183270
518894
202223
469919
760395
236176
799267
477770
810364
724067
944817
593308
405777
701593
529838
329220
651411
271967
228341
673693
542703
563392
377805
827002
140331
517233
741120
274626
336738
788772
286475
437665
995854
754339
643545
217491
999596
683548
506804
364648
652289
231247
169877
546307
881851
511875
229518
714975
978391
659022
334706
740467
850762
921029
195127
722616
452083
883046
828223
746865
245103
616934
226537
579795
372884
993512
895434
112855
972838
292274
327651
301290
735671
231968
444965
373960
403691
520825
611159
312931
883901
834581
639315
710237
191869
681169
316637
498384
217173
325987
169050
679863
565069
603237
204202
796737
863634
584793
289626
200608
549029
836711
232730
111383
571512
291111
988277
342785
468881
934011
664440
866950
814586
665143
117968
263982
672988
667914
290079
542517
179174
556595
950922
432642
568744
480072
511143
719363
281724
434218
629161
635667
671319
915145
504352
182677
514213
988298
183447
954810
717887
136195
940860
602933
487043
942780
387880
321406
176180
